0
1
3
4
6
8
9
11
13
15
17
19
21
23
25
27
30
32
36
41
45
49
55
59
66
67
68
71
85
86
87
89
91
96
100
112
114
118
122
130
134
140
141
142
144
149
152
155
161
164
167
170
174
179
183
187
193
198
202
206
207
208
211
217
220
238
239
242
246
253
260
264
287
291
297
301
315
317
327
328
332
336
340
356
360
370
379
382
392
395
414
420
423
438
443
449
453
464
466
469
478
482
491
499
506
513
515
523
529
533
537
540
546
558
560
562
568
597
601
605
620
664
665
666
669
678
684
710
712
726
744
747
749
755
768
774
809
831
847
855
906
912
939
1069
1072
1084
1090
1116
1124
1193
1198
1202
1211
1247
1261
1296
1370
1387
1394
1449
1459
1559
1561
1563
1565
1573
1579
1583
1591
1600
1605
1607
1609
1611
1617
1624
1633
1645
1653
1655
1657
1667
1686
1694
1702
1799
1808
1853
1859
2109
2134
2150
2213
2234
2293
2299
2307
2344
2452
2496
2497
2506
2638
2653
2661
2667
2675
2683
2733
2819
2826
2866
2881
2898
2903
2909
2910
2914
2917
2921
2938
2951
2957
2988
2991
2994
3024
3044
3049
3054
3514
3523
3529
3606
3705
3879
3883
3886
3892
3935
3946
4106
4142
4189
4326
4337
4406
4471
4486
4505
4550
4575
4633
4634
4636
4647
4897
4963
4965
4973
4994
5191
5846
5862
7908
7944
8725
