0
1
2
3
4
5
6
7
8
9
10
11
12
14
16
18
20
22
24
25
26
27
28
29
31
33
35
37
39
41
43
45
47
48
49
51
53
55
57
59
61
63
65
67
69
71
73
75
77
79
81
83
85
87
88
89
91
93
95
97
100
103
106
109
110
112
114
116
118
122
123
126
127
130
134
138
142
146
150
154
156
158
164
168
172
176
180
184
188
192
208
209
210
211
212
213
214
218
224
228
232
256
257
258
260
262
264
266
268
278
285
289
307
309
311
317
321
325
335
339
345
346
347
348
354
359
362
365
368
371
374
377
386
389
392
395
397
400
404
410
414
418
424
429
433
437
438
439
440
443
446
449
452
465
468
471
474
506
507
511
515
519
529
540
544
548
578
582
588
592
606
608
612
615
618
636
637
638
644
649
653
657
661
665
687
691
695
707
716
719
729
732
755
765
768
771
790
795
801
805
816
821
824
827
830
844
848
852
862
870
877
885
887
890
899
905
909
911
913
916
919
923
927
931
935
939
940
945
951
981
982
984
986
988
990
992
998
1007
1013
1021
1063
1069
1073
1077
1096
1161
1162
1163
1165
1169
1185
1196
1234
1236
1250
1269
1275
1278
1281
1283
1289
1302
1308
1345
1354
1360
1394
1400
1416
1424
1487
1493
1520
1694
1697
1709
1715
1741
1749
1818
1822
1828
1833
1845
1853
1902
1916
1943
1955
2030
2047
2054
2109
2119
2257
2259
2260
2262
2264
2266
2274
2280
2286
2294
2307
2312
2317
2318
2320
2323
2325
2332
2344
2351
2359
2369
2386
2393
2401
2403
2405
2415
2434
2442
2450
2576
2595
2655
2661
2959
2988
2994
3012
3080
3101
3160
3170
3186
3234
3347
3391
3392
3401
3535
3550
3558
3564
3572
3580
3630
3716
3723
3763
3778
3795
3800
3806
3807
3811
3814
3818
3835
3848
3854
3885
3892
3895
3899
3944
3964
3969
3974
4488
4497
4503
4580
4679
4850
4855
4859
4864
4870
4925
4936
5115
5158
5214
5357
5368
5437
5502
5521
5546
5592
5617
5693
5694
5696
5707
6015
6081
6083
6091
6112
6315
7012
7028
9099
9135
9943
